XE: 48.513561
YE: 72.436020
distance: 17.635084
